16777472 256
16777728 512
16779264 2048
16785408 8192
16842752 256
16843264 512
16843776 1024
16844800 2048
16846848 4096
16850944 8192
16908288 512
16908800 256
16909568 256
16909824 512
16910336 2048
16912384 4096
16916480 8192
16924672 16384
16973824 65536
17039616 256
17039872 512
17040384 1024
17041408 2048
17043456 4096
17047552 8192
17055744 16384
17301504 16384
17317888 8192
17326080 1024
17327104 512
17330176 4096
17334272 4096
17338368 1024
17339392 512
17340928 512
17341440 1024
17342464 8192
17350656 8192
17358848 4096
17363968 1024
17364992 2048
17432576 2048
17434624 512
17435392 256
17435648 1024
17436672 4096
17440768 8192
17448960 16384
17563648 262144
18350080 524288
19726336 65536
19922944 262144
20447232 524288
21233664 262144
22020096 1048576
24379392 262144
28573696 262144
28835840 131072
29097984 262144
29360128 524288
30015488 131072
30146560 262144
234881024 2048
234884096 1024
234946560 1024
234952704 1024
234974208 1024
235929600 1048576
241598464 1024
241611776 1024
241631232 65536
241696768 524288
242221056 1048576
243400704 131072
243662848 131072
244318208 1048576
247478272 2048
247483392 1024
247726080 131072
248250368 131072
248512512 1048576
344367104 4096
344694784 4096
453017600 2048
453025792 2048
453032960 1024
453509120 524288
454033408 1048576
455272448 2048
455344128 262144
455606272 524288
456271872 2048
456294400 32768
456542208 2048
456562688 2048
456572928 16384
459460608 4096
459464704 8192
459505664 32768
459735040 65536
459964416 16384
459983872 1024
460136448 8192
460160000 1024
460324864 16384
460345344 4096
460353536 2048
460423168 16384
460521472 32768
460598272 1024
460933120 2048
460945408 2048
461373440 131072
461626368 1024
462422016 65536
462684160 262144
462946304 524288
465043456 524288
465567744 2097152
467664896 262144
603979776 1024
603983872 4096
603987968 8192
603996160 16384
604012544 32768
604045312 65536
604241920 262144
605028352 1048576
606076928 262144
606339072 65536
606404608 8192
606413824 512
606414592 256
606414848 2048
606416896 4096
606601216 524288
607125504 131072
607322112 32768
607354880 16384
607371264 8192
607379456 4096
607383552 2048
607385600 1024
607386624 512
607649792 524288
610271232 2097152
612368384 4194304
616562688 2097152
620232704 262144
620625920 65536
620721152 1024
620724224 1024
620733440 1024
620735488 1024
620736512 1024
654311424 256
654311936 512
654312448 1024
654313472 2048
654315520 4096
654319616 8192
654327808 16384
654344192 32768
658505728 2097152
660602880 524288
661127168 262144
661389312 65536
662700032 4194304
671133696 4096
671151872 256
671152128 1024
671153152 512
671153920 256
675807232 131072
679313408 32768
679362560 16384
684067328 256
684068864 2048
684070912 512
687595776 256
687596288 256
704643072 1024
704645120 2048
704647168 2048
704649216 1024
704651264 8192
704675840 8192
704684032 4096
704688128 2048
704690176 256
704690688 512
704691200 1024
704692224 4096
704696320 2048
704698368 1024
704699392 512
704700160 256
704700416 8192
704708608 8192
704716800 4096
704720896 2048
704722944 1024
704905216 262144
707788800 524288
708313088 262144
708706304 32768
708739072 8192
708747264 4096
708752384 1024
708753408 2048
708771840 65536
709885952 131072
710098944 4096
710103040 1024
710105088 2048
710107136 8192
710115328 512
710116864 256
710118400 256
710118912 512
710119424 4096
710123520 8192
710131712 16384
710148096 262144
710410240 524288
710950912 8192
710959104 2048
710962176 1024
710963200 4096
710967296 32768
711000064 65536
711131136 16384
711147520 8192
711155712 4096
711159808 1024
711161856 2048
711196672 262144
712507392 131072
712638464 65536
712704000 8192
712713216 1024
712714240 2048
712716288 4096
712720384 16384
712736768 32768
713031680 1048576
714866688 8192
714875904 1024
714876928 2048
714878976 4096
714883072 16384
714899456 32768
714932224 65536
714997760 131072
715128832 1048576
716177408 524288
716701696 131072
716832768 65536
716898304 16384
716914688 8192
716922880 4096
716926976 2048
716929024 1024
716931072 32768
717225984 524288
717815808 32768
717881344 131072
718012416 262144
718274560 1048576
719323136 1048576
720371712 65536
720502784 131072
720633856 131072
720764928 65536
720830464 1024
720831488 256
720831744 128
720831872 64
720831948 4
720831952 16
720831968 32
720832000 512
720832512 2048
720834560 4096
720838656 8192
720846848 16384
720863232 32768
720896000 524288
736103424 1024
736106496 1024
736111616 1024
736113664 1024
736114688 1024
736116736 2048
736118784 1024
736120832 1024
736125952 1024
736137216 1024
736141312 1024
736145408 1024
736147456 1024
736151552 2048
736153600 2048
736155648 1024
736161792 1024
736185344 1024
736187392 1024
736196608 1024
736211968 1024
736212992 1024
736219136 1024
736221184 2048
736223232 4096
736227328 2048
736230400 1024
736239616 8192
736247808 8192
736256000 4096
736260096 2048
736262144 1024
736264192 8192
736272384 2048
736291840 1024
736292864 4096
736296960 2048
736299008 1024
736305152 8192
736313344 8192
736323584 1024
736331776 2048
736333824 1024
736335872 2048
736337920 4096
736342016 2048
736345088 1024
736346112 8192
736356352 1024
736360448 2048
736362496 16384
736378880 2048
736381952 1024
736388096 1024
736392192 1024
736396288 1024
736397312 1024
736400384 1024
736401408 1024
736410624 1024
736438272 1024
736442368 1024
736452608 1024
736462848 2048
736471040 2048
736473088 4096
736477184 2048
736483328 2048
736487424 2048
736498688 1024
736501760 1024
736510976 1024
736512000 1024
736515072 1024
736525312 1024
736549888 1024
736550912 8192
736562176 1024
736567296 4096
736579584 4096
736583680 4096
736593920 2048
736595968 4096
736600064 4096
736604160 2048
736886784 131072
737017856 65536
737083392 8192
737091584 4096
737095680 1024
737113088 1024
737114112 1024
737127424 1024
737148928 1024
737163264 2048
737166336 1024
737167360 2048
737170432 1024
737180672 1024
737181696 2048
737183744 1024
737188864 1024
737189888 8192
737198080 8192
737210368 4096
737214464 4096
737218560 2048
737226752 1024
737233920 1024
737234944 4096
737243136 1024
737257472 2048
737259520 2048
737261568 1024
737267712 4096
737271808 4096
737275904 1024
737277952 1024
737282048 2048
737284096 4096
737292288 4096
737296384 1024
737298432 2048
737300480 4096
737304576 1024
737316864 4096
737320960 2048
737326080 1024
737328128 1024
737329152 2048
737332224 1024
737335296 2048
737344512 1024
737346560 1024
737347584 2048
737349632 1024
737368064 1024
737378304 1024
737380352 1024
737382400 2048
737385472 1024
737391616 1024
737403904 1024
737404928 1024
737408000 1024
737542144 16384
737558528 8192
737566720 1024
737600512 1024
737608704 1024
737609728 1024
737618944 1024
737619968 1024
737625088 1024
737627136 1024
737629184 1024
737630208 2048
737632256 2048
737635328 1024
737636352 1024
737645568 1024
737646592 1024
737652736 4096
737657856 1024
737658880 2048
737660928 4096
737665024 8192
737673216 2048
737678336 1024
737680384 1024
737685504 1024
737692672 1024
737693696 4096
737697792 8192
737705984 4096
737710080 2048
737718272 4096
737722368 4096
737726464 1024
737731584 1024
737732608 1024
737735680 1024
737739776 1024
737769472 1024
737772544 1024
737773568 1024
737775616 4096
737779712 2048
737781760 1024
737787904 1024
737799168 1024
737805312 1024
737807360 1024
737808384 2048
737811456 1024
737812480 1024
737828864 4096
737832960 2048
737837056 1024
737841152 2048
737845248 1024
737847296 1024
737849344 1024
737855488 1024
737858560 1024
737859584 2048
737864704 1024
737866752 1024
737870848 1024
737872896 1024
737879040 1024
737895424 1024
737918976 1024
737929216 1024
737932288 1024
737947648 1024
737949696 1024
737992704 1024
738066432 2048
738068480 1024
738072576 1024
738075648 1024
738077696 1024
738079744 1024
738082816 1024
738084864 1024
738087936 1024
738088960 2048
738092032 1024
738093056 1024
738095104 2048
738099200 1024
738101248 2048
738103296 4096
738109440 2048
738112512 1024
738113536 2048
738115584 1024
738117632 1024
738119680 1024
738122752 1024
738123776 4096
738127872 1024
738129920 2048
738131968 2048
738134016 1024
738136064 1024
738144256 1024
738148352 4096
738153472 1024
738156544 1024
738168832 1024
738177024 1024
738179072 1024
738181120 1024
738183168 2048
738185216 2048
738189312 2048
738191360 1024
738194432 1024
757645312 16384
759238656 4096
762348544 1024
762362880 1024
762368000 1024
762370048 2048
762373120 1024
762374144 2048
762383360 1024
762384384 4096
762390528 1024
762393600 1024
762398720 1024
762417152 2048
762423296 1024
762427392 1024
762431488 2048
762433536 4096
762438656 1024
762441728 1024
762444800 1024
762445824 1024
762454016 1024
762456064 1024
762459136 1024
762470400 1024
762477568 1024
762480640 1024
762496000 1024
762497024 1024
762504192 1024
762506240 1024
762510336 1024
762522624 1024
762536960 1024
762542080 1024
762545152 1024
762548224 1024
762551296 1024
762553344 1024
762562560 1024
762565632 1024
762566656 1024
762573824 1024
762574848 1024
762580992 2048
762583040 1024
762585088 2048
762590208 1024
762601472 2048
762612736 1024
762615808 1024
762630144 1024
762644480 1024
762647552 1024
762659840 1024
762674176 1024
762706944 1024
762788864 1024
762789888 2048
762791936 1024
762800128 1024
762832896 1024
762864640 1024
762874880 1024
762881024 1024
762900480 1024
762917888 1024
762920960 2048
762923008 1024
762928128 1024
762929152 1024
762948608 1024
762949632 1024
762966016 4096
762970112 8192
762978304 2048
762980352 1024
762985472 1024
762986496 8192
762994688 4096
762998784 2048
763011072 8192
763019264 4096
763023360 2048
763025408 1024
763042816 1024
763043840 2048
763046912 1024
763047936 4096
763052032 4096
763056128 2048
763066368 1024
763068416 2048
763070464 1024
763073536 1024
763074560 2048
763077632 1024
763078656 2048
763080704 2048
763082752 1024
763087872 1024
763089920 1024
763092992 8192
763101184 1024
763106304 1024
763108352 1024
763109376 2048
763112448 1024
763118592 1024
763120640 1024
763121664 1024
763126784 1024
763132928 1024
763145216 1024
763146240 1024
763154432 1024
763164672 1024
763172864 1024
763177984 1024
763180032 1024
763181056 1024
763186176 1024
763187200 4096
763191296 2048
763201536 1024
763244544 2048
763259904 1024
763260928 2048
763262976 1024
763288576 1024
763299840 2048
763330560 1024
763334656 2048
763337728 1024
771229696 1024
771248128 1024
771250176 1024
771252224 4096
771260416 2048
771279872 1024
771280896 4096
771284992 8192
771293184 2048
771296256 1024
771297280 4096
771301376 2048
771321856 1024
771341312 1024
771342336 4096
771346432 2048
771361792 1024
771362816 1024
771365888 1024
771366912 2048
771368960 1024
771378176 1024
771379200 4096
771383296 1024
771385344 2048
771387392 4096
771391488 4096
771395584 2048
771397632 1024
771400704 1024
771404800 1024
771405824 2048
771407872 1024
771424256 1024
771426304 1024
771428352 2048
771437568 1024
771445760 1024
771446784 2048
771448832 2048
771454976 2048
771459072 2048
771461120 4096
771465216 8192
771473408 8192
771481600 1024
771489792 8192
771497984 4096
771502080 1024
771511296 1024
771512320 2048
771514368 8192
771522560 8192
771530752 4096
771534848 1024
771538944 8192
771547136 2048
771549184 1024
771555328 16384
771571712 4096
771575808 2048
771578880 1024
771579904 4096
771584000 2048
771586048 1024
771588608 512
771589120 1024
771590144 2048
771592192 4096
771596288 8192
771604480 16384
771620864 4096
771624960 2048
771628032 1024
771631104 1024
771633152 4096
771637248 16384
771653632 16384
771670016 8192
771678208 2048
771681280 1024
771682304 1024
771684352 1024
771686400 16384
771702784 8192
771710976 4096
771715072 2048
771717120 1024
771721216 2048
771723264 4096
771727360 8192
771735552 8192
771743744 4096
771747840 2048
771749888 1024
788011008 512
794558464 262144
794820608 2097152
805076992 32768
822345728 262144
825437696 512
825438208 1024
825439232 512
825440256 1024
825441280 512
825442304 16384
825464320 512
825464832 2048
825466880 8192
825475072 16384
825491456 262144
826277888 2097152
829423616 524288
829947904 262144
830472192 256
830472704 512
830473216 1024
831258624 131072
832045056 262144
835715072 262144
836501504 262144
837287936 262144
837746688 16384
837795840 16384
877658112 131072
877837056 256
877837312 1024
877838336 16384
877854720 65536
878639360 32
920518656 131072
921161728 4096
921755648 256
962355200 4096
973996032 131072
974127104 524288
974651392 131072
975044608 131072
975175680 2097152
977397760 2048
977403904 131072
977567744 8192
977575936 512
977576704 256
977576960 1024
977580800 256
977581056 256
977586176 2048
977588224 4096
977592320 8192
978452480 32768
978518016 65536
978796544 16384
979599360 32768
979632128 131072
980680704 262144
981467136 524288
982515712 65536
983171072 131072
985661440 2097152
988807168 1048576
991952896 2097152
994050048 1048576
995098624 131072
995229696 32768
995262464 16384
995278848 8192
995287040 4096
995291136 1024
995293184 2048
995295232 16384
995328000 32768
996868096 65536
996933632 131072
997064704 65536
997130240 32768
997163008 16384
997179392 8192
997187584 4096
997191680 2048
997193728 1024
997194752 512
997195520 256
999751680 32768
999821312 4096
999826432 1024
999833600 4096
999845888 2048
999883776 1024
999890944 1024
999899136 2048
999901184 1024
999906304 1024
999912448 1024
999917568 1024
999921664 2048
999924736 1024
999925760 2048
999927808 4096
999931904 1024
1000013824 65536
1001127936 262144
1002373120 32768
1002438656 4194304
1006632960 2097152
1010237440 65536
1010761728 65536
1017118720 2097152
1019346944 131072
1019740160 524288
1020264448 1048576
1021837312 131072
1022033920 65536
1022722048 32768
1022820352 65536
1023148032 65536
1023246336 32768
1023344640 65536
1023693056 256
1023693312 512
1023693824 1024
1023694848 2048
1023717376 4096
1023975424 4096
1024381952 1024
1024382976 2048
1024389120 2048
1025245184 32768
1025343488 16384
1025359872 8192
1025368064 4096
1026392064 16384
1026416640 4096
1026523136 16384
1026555904 524288
1029160960 16384
1031798784 4194304
1038614528 262144
1038876672 131072
1039138816 262144
1055522816 65536
1079319296 256
1094177024 256
1218705408 1024
1476316928 256
1572277760 256
1572278784 256
1589575680 32768
1694498816 1024
1694564352 1024
1694673920 1024
1694760960 262144
1695547392 1048576
1696595968 262144
1696858112 16384
1696874496 4096
1696880640 2048
1696882688 8192
1696890880 32768
1696923648 65536
1696989184 131072
1697120256 524288
1697644544 131072
1697777664 2048
1697789952 1024
1697906688 65536
1697997824 1024
1698037760 65536
1698160640 2048
1698693120 524288
1699217408 262144
1699479552 131072
1699610624 1024
1699618816 8192
1699741696 1048576
1700790272 2048
1700792320 1024
1700794368 4096
1700823040 32768
1701011456 8192
1701134336 8192
1701143552 256
1701144064 512
1701144576 2048
1701146624 4096
1701199872 8192
1701209088 512
1701209600 256
1701210112 2048
1701212160 4096
1701314560 262144
1701724160 8192
1701732352 4096
1701737472 1024
1701738496 2048
1702363136 262144
1702625280 131072
1702756352 65536
1702887424 1024
1702889472 2048
1702891520 4096
1702895616 8192
1702952960 65536
1703018496 131072
1703149568 262144
1703936000 1048576
1707081728 262144
1707343872 32768
1707376640 8192
1707384832 1024
1707385856 512
1707386368 256
1707386880 2048
1707388928 4096
1707393024 16384
1707507712 16384
1707524608 256
1707525120 256
1707525632 512
1707526144 2048
1707528192 4096
1707532288 8192
1707540480 65536
1707606016 131072
1707835392 8192
1707843584 2048
1707846656 1024
1707847680 4096
1707868160 262144
1709178880 524288
1709703168 131072
1709850624 2048
1709853696 1024
1709854720 4096
1709858816 8192
1709965312 262144
1710227456 524288
1710751744 131072
1710948352 1024
1710950400 2048
1710952448 4096
1710956544 8192
1710964736 8192
1710972928 4096
1710978048 1024
1710979072 2048
1710981120 32768
1711013888 131072
1711144960 65536
1728120832 1024
1728123904 1024
1728124928 1024
1728137216 1024
1728141312 1024
1728161792 1024
1728211968 1024
1728224256 1024
1728226304 1024
1728235520 2048
1728237568 2048
1728271360 1024
1728272384 2048
1728274432 8192
1728282624 4096
1728287744 1024
1728288768 2048
1728329728 1024
1728358400 1024
1728362496 1024
1728390144 1024
1728394240 1024
1728395264 1024
1728419840 1024
1728423936 1024
1728430080 1024
1728445440 1024
1728465920 1024
1728474112 1024
1728477184 1024
1728502784 1024
1728504832 1024
1728547840 1024
1728566272 1024
1728567296 2048
1728577536 2048
1728579584 1024
1728585728 1024
1728590848 1024
1728594944 1024
1728605184 1024
1728617472 1024
1728628736 2048
1728633856 1024
1728645120 1024
1728649216 1024
1728670720 1024
1728681984 1024
1728706560 2048
1728708608 1024
1728712704 1024
1728730112 1024
1728737024 256
1728744448 1024
1728778240 1024
1728817152 1024
1728820224 1024
1728847872 1024
1728874496 1024
1728886784 1024
1728899072 1024
1728908288 1024
1728936960 1024
1728942080 1024
1728955392 1024
1728967680 1024
1728992256 1024
1729004544 1024
1729005568 1024
1729010688 1024
1729032192 1024
1729037312 1024
1729038336 1024
1729040384 1024
1729060864 1024
1729087488 1024
1729115136 1024
1729122304 2048
1729124352 1024
1729129472 1024
1729133568 1024
1729177600 1024
1729183744 1024
1729198080 512
1729202176 1024
1729208320 1024
1729219584 1024
1729225728 1024
1729282048 1024
1729286144 2048
1729290240 1024
1729301504 1024
1729308672 2048
1729314816 2048
1729316864 1024
1729357824 1024
1729367040 1024
1729375744 256
1729381376 1024
1729392640 1024
1729396736 1024
1729404928 1024
1729427456 1024
1729458176 2048
1729465344 1024
1729474560 1024
1729490944 1024
1729495040 16384
1729511424 8192
1729520640 1024
1729521664 2048
1729523712 4096
1729543168 1024
1729553408 1024
1729559552 1024
1729562624 1024
1729574912 1024
1729601536 2048
1729605632 1024
1729618944 1024
1729632256 1024
1729655808 1024
1729658880 1024
1729662976 1024
1729671168 1024
1729673216 1024
1729684480 1024
1729690624 1024
1729696768 1024
1729697792 2048
1729699840 2048
1729701888 1024
1729703936 1024
1729708032 2048
1729729536 1024
1729731584 1024
1729746944 1024
1729757184 1024
1729773568 1024
1729776640 1024
1729786880 1024
1729797120 1024
1729798144 1024
1729815552 1024
1729818624 1024
1729823744 1024
1729825792 1024
1729828864 1024
1729837056 1024
1729847296 1024
1729884160 1024
1729889280 1024
1729890304 1024
1729935360 1024
1729940480 1024
1729942528 1024
1729957888 1024
1729986560 2048
1729988608 1024
1730024448 1024
1730043904 1024
1730057216 1024
1730071040 512
1730077696 1024
1730079232 256
1730079744 1024
1730097152 2048
1730100224 1024
1730101248 2048
1730103296 256
1730122752 1024
1730125824 1024
1730127872 1024
1730136064 1024
1730145280 1024
1730150400 131072
1730281472 65536
1730347008 8192
1730355200 4096
1730359296 1024
1730373632 1024
1730403328 1024
1730419712 1024
1730421760 1024
1730426880 2048
1730428928 1024
1730430976 1024
1730437120 1024
1730446336 1024
1730447360 1024
1730453504 8192
1730461696 8192
1730469888 4096
1730473984 2048
1730481152 1024
1730482176 1024
1730484224 1024
1730489344 1024
1730491392 1024
1730492416 1024
1730496512 1024
1730503680 1024
1730504704 1024
1730512896 2048
1730514944 4096
1730519040 2048
1730522112 1024
1730523136 1024
1730526208 1024
1730531328 4096
1730542592 1024
1730543616 1024
1730551808 1024
1730553856 2048
1730563072 1024
1730565120 1024
1730567168 1024
1730568192 1024
1730573312 1024
1730577408 1024
1730579456 1024
1730599936 1024
1730600960 2048
1730603008 1024
1730608128 512
1730625536 1024
1730631680 1024
1730634752 1024
1730635776 1024
1730650112 8192
1730660352 2048
1730662400 4096
1730666496 2048
1730668544 1024
1730677760 1024
1730678784 4096
1730682880 4096
1730697216 1024
1730723840 1024
1730728960 1024
1730731008 1024
1730733056 1024
1730734080 2048
1730736128 4096
1730740224 1024
1730753536 1024
1730776064 1024
1730778112 1024
1730779136 1024
1730781184 2048
1730796544 1024
1730797568 2048
1730799616 1024
1730807808 1024
1730811904 1024
1730813952 1024
1730822144 2048
1730825216 1024
1730865152 1024
1730877952 512
1730892800 1024
1730895872 2048
1730897920 1024
1730903040 1024
1730918400 1024
1730920448 2048
1730924544 1024
1730927616 1024
1730928640 1024
1730932736 1024
1730951168 1024
1730957312 1024
1730967552 2048
1730973696 1024
1730975744 1024
1730979840 1024
1730981888 4096
1730985984 4096
1730994176 1024
1730997248 1024
1730998272 4096
1731002368 16384
1731020800 2048
1731022848 4096
1731026944 8192
1731035136 16384
1731051520 8192
1731059712 1024
1731065856 1024
1731067904 1024
1731070976 1024
1731072000 4096
1731076096 8192
1731084288 16384
1731100672 2048
1731102720 1024
1731106816 2048
1731108864 4096
1731112960 2048
1731130368 1024
1731131392 1024
1731134464 1024
1731138560 1024
1731142656 1024
1731143680 1024
1731153920 1024
1731158016 1024
1731163136 1024
1731164160 1024
1731168256 2048
1731187712 1024
1731212288 1024
1731222528 1024
1731236864 1024
1731237888 512
1731250688 512
1731254272 2048
1731256320 4096
1731260416 2048
1731267584 1024
1731269632 1024
1731282944 2048
1731289088 1024
1731292160 1024
1731297280 1024
1731309568 2048
1731339264 1024
1731341312 1024
1731342336 4096
1731346432 2048
1731348480 1024
1731353600 1024
1731357696 1024
1731358720 4096
1731363840 1024
1731364864 2048
1731374080 1024
1731375104 4096
1731379200 2048
1731381248 1024
1731386368 1024
1731387392 4096
1731391488 2048
1731393536 1024
1731471360 1024
1731479552 2048
1731481600 2048
1731485696 2048
1731487744 1024
1731502080 2048
1731505152 1024
1731506176 1024
1731508224 1024
1731511296 1024
1731543040 2048
1731550208 1024
1731558400 1024
1731559424 4096
1731563520 1024
1731567616 1024
1731572736 1024
1731578880 1024
1731579904 2048
1731587072 1024
1731590144 1024
1731594240 1024
1731604480 1024
1731633152 2048
1731646464 1024
1731650560 1024
1731653632 1024
1731678208 1024
1731688448 1024
1731696640 1024
1731701760 1024
1731709952 1024
1731710976 1024
1731716096 1024
1731718144 1024
1731719168 1024
1731728384 1024
1731731456 1024
1731737600 2048
1731741696 2048
1731759104 1024
1731762176 1024
1731774464 1024
1731791872 1024
1731802112 1024
1731803136 1024
1731808256 1024
1731823616 1024
1731838976 1024
1731860480 1024
1731939328 1024
1731948544 4096
1731952640 1024
1731957760 1024
1731993600 1024
1731996672 1024
1732027392 1024
1732043776 1024
1732045824 1024
1732066304 1024
1732077568 1024
1732086784 1024
1732089856 2048
1732091904 1024
1732094976 1024
1732096000 1024
1732122624 1024
1732134912 2048
1732136960 2048
1732139008 1024
1732141056 8192
1732149248 2048
1732156416 1024
1732157440 8192
1732165632 1024
1732168704 1024
1732169728 4096
1732173824 1024
1732190208 8192
1732198400 4096
1732202496 2048
1732204544 1024
1732217856 1024
1732218880 1024
1732220928 1024
1732222976 4096
1732227072 2048
1732229120 1024
1732231168 4096
1732235264 1024
1732243456 4096
1732247552 2048
1732253696 2048
1732255744 8192
1732263936 16384
1732283392 1024
1732284416 1024
1732286464 2048
1732288512 8192
1732296704 16384
1732313088 4096
1732317184 1024
1732325376 4096
1732329472 8192
1732338688 1024
1732339712 2048
1732341760 4096
1732345856 2048
1732347904 1024
1732349952 4096
1732354048 4096
1732386816 1024
1732388864 1024
1732406272 1024
1732429824 1024
1732440064 4096
1732444160 2048
1732446208 1024
1732454400 2048
1732456448 4096
1732460544 16384
1732476928 4096
1732481024 2048
1732488192 256
1732488960 256
1732493312 1024
1732498432 1024
1732532224 1024
1732535296 1024
1732542464 1024
1732579328 1024
1732605696 256
1732629504 512
1732642816 1024
1732678656 1024
1732701184 1024
1732705280 1024
1732706304 1024
1732723712 1024
1732724736 1024
1732726784 2048
1732728832 1024
1732737024 2048
1732739072 1024
1732743168 1024
1732756480 1024
1732757504 1024
1732765696 1024
1732774912 1024
1732775936 4096
1732780032 4096
1732784128 2048
1732800512 4096
1732804608 2048
1732809984 256
1732810240 512
1732815872 1024
1732817920 1024
1732829184 8192
1732837376 8192
1732849664 1024
1732867072 1024
1732868096 1024
1732870144 4096
1732874240 1024
1732880384 1024
1732882432 1024
1732889600 1024
1732890624 1024
1732898816 512
1732899328 256
1732899840 1024
1732900864 1024
1732909056 2048
1732911104 4096
1732915200 1024
1732917248 2048
1732923392 1024
1732934656 1024
1732940800 1024
1732941824 2048
1732955136 1024
1732962304 1024
1732990720 256
1732990976 2048
1732995072 2048
1732997120 1024
1732999168 1024
1733001216 1024
1733005312 1024
1733007360 1024
1733028864 256
1733049344 1024
1733050368 2048
1733052416 1024
1733057536 1024
1733089280 2048
1733091328 1024
1733106688 1024
1733112832 1024
1733113856 1024
1733122048 2048
1733133312 1024
1733137408 1024
1733155840 1024
1733179392 2048
1733181440 1024
1733196800 1024
1733209088 1024
1733210112 1024
1733215232 1024
1733223424 1024
1733236736 2048
1733239808 1024
1733240832 2048
1733244928 2048
1733246976 2048
1733251072 2048
1733265408 1024
1733278720 1024
1733279744 4096
1733283840 2048
1733292800 256
1733307392 1024
1733314560 1024
1733341184 2048
1733343232 1024
1733345280 1024
1733347328 1024
1733355520 1024
1733362688 1024
1733363712 1024
1733365760 2048
1733372928 1024
1733373952 1024
1733386240 1024
1733392384 1024
1733399552 1024
1733403648 1024
1733412864 1024
1733421056 1024
1733442560 1024
1733444608 1024
1733448704 1024
1733453824 1024
1733484544 1024
1733487616 1024
1733504000 1024
1733506048 1024
1733508096 1024
1733511168 1024
1733521408 1024
1733526528 1024
1733538816 1024
1733558272 1024
1733561344 1024
1733562368 4096
1733570560 1024
1733572608 1024
1733574656 1024
1733576704 1024
1733635072 1024
1733636096 2048
1733638144 1024
1733645312 1024
1733658624 1024
1733660672 1024
1733665792 1024
1733666816 2048
1733668864 1024
1733696512 1024
1733697536 1024
1733704704 1024
1733712384 512
1733741568 1024
1733742592 4096
1733746688 8192
1733754880 2048
1733760000 1024
1733763072 1024
1733779456 1024
1733788672 1024
1733800960 1024
1733812224 1024
1733821440 1024
1733822464 2048
1733824512 2048
1733828608 2048
1733835776 1024
1733836800 1024
1733838848 1024
1733844992 2048
1733859328 512
1733862400 1024
1733868544 1024
1733874688 1024
1733893120 1024
1733910528 4096
1733914624 2048
1733923840 1024
1733929984 1024
1733933056 2048
1733935104 8192
1733943296 2048
1733964800 1024
1733975040 1024
1733977088 1024
1733978112 2048
1733980160 4096
1733984256 2048
1733990400 1024
1733994496 1024
1733995776 256
1733996544 1024
1733999616 1024
1734000640 1024
1734026240 1024
1734027264 1024
1734044672 1024
1734055936 1024
1734062080 1024
1734068224 1024
1734070272 2048
1734077440 1024
1734094848 4096
1734098944 4096
1734103040 1024
1734104576 256
1734105088 1024
1734110208 1024
1734114304 1024
1734116352 1024
1734122496 1024
1734124544 1024
1734125568 2048
1734127616 4096
1734131712 1024
1734142976 1024
1734144000 4096
1734148096 2048
1734155264 1024
1734169600 1024
1734187008 1024
1734194176 1024
1734200320 1024
1734216704 1024
1734218752 1024
1734220800 1024
1734221824 4096
1734232064 1024
1734236160 1024
1734243328 1024
1734254592 1024
1734264832 1024
1734287104 256
1734292480 1024
1734296576 1024
1734301696 2048
1734313984 2048
1734316032 1024
1734318080 1024
1734334464 2048
1734336512 1024
1734339584 1024
1734340608 4096
1734346752 1024
1734376448 1024
1734379520 1024
1734383616 2048
1734385664 8192
1734393856 4096
1734397952 2048
1734400000 1024
1734412288 2048
1734414592 256
1734414848 512
1734415360 1024
1734416384 2048
1734419456 1024
1734420480 1024
1734424576 1024
1734425600 512
1734426624 2048
1734428672 1024
1734438912 2048
1734443008 1024
1734447104 2048
1734458368 1024
1734459392 1024
1734486016 2048
1734488064 1024
1734490112 1024
1734496256 1024
1734498304 2048
1734500352 2048
1734507520 1024
1734510592 2048
1734512640 1024
1734517760 1024
1734518784 1024
1734521856 1024
1734525952 1024
1734531072 2048
1734533120 2048
1734535168 1024
1734537216 4096
1734551552 256
1734554624 1024
1734555648 1024
1734561280 512
1734567936 1024
1734571008 1024
1734572032 1024
1734575104 1024
1734576128 2048
1734578176 1024
1734580224 1024
1734597632 1024
1734600704 2048
1734606848 1024
1734615040 1024
1734617088 1024
1734619136 4096
1734623232 2048
1734629376 1024
1734636544 1024
1734643712 1024
1734668288 1024
1734670336 2048
1734673408 1024
1734674432 2048
1734679552 1024
1734687744 1024
1734703360 256
1734703616 512
1734704128 1024
1734709248 2048
1734718464 1024
1734719488 1024
1734757376 1024
1734758400 1024
1734780928 2048
1734784000 1024
1734785024 2048
1734787072 2048
1734789120 1024
1734791168 2048
1734806528 1024
1734807552 1024
1734812672 1024
1734820864 1024
1734821888 1024
1734848512 1024
1734851584 1024
1734854656 2048
1734859776 1024
1734860800 2048
1734862848 1024
1734866944 2048
1734868992 2048
1734878208 1024
1734879232 1024
1734885376 1024
1734895616 1024
1734907904 1024
1734912000 2048
1734917120 1024
1734919680 512
1734933504 1024
1734934528 1024
1740636160 8192
1740648448 2048
1740650496 1024
1740657664 1024
1740658688 2048
1740660736 4096
1740664832 1024
1740668928 4096
1740673024 1024
1740678144 1024
1740684288 1024
1740689408 2048
1740691456 1024
1740700672 1024
1740711936 2048
1740732416 1024
1740737536 1024
1740742656 1024
1740749824 1024
1740750848 1024
1740755968 1024
1740756992 2048
1740759040 4096
1740771328 1024
1740826112 512
1740861440 1024
1740871680 1024
1740873728 1024
1740914688 1024
1740916736 1024
1740920832 2048
1740922880 1024
1740941312 1024
1740945664 256
1740945920 512
1741009920 1024
1741022208 1024
1741028608 256
1741028864 512
1741034496 1024
1741044736 1024
1741045760 1024
1741047808 1024
1741061120 1024
1741069312 1024
1741075456 1024
1741079552 1024
1741080576 1024
1741084672 2048
1741086720 4096
1741090816 2048
1741136896 1024
1741145088 1024
1741153280 1024
1741159424 1024
1741173760 1024
1741176832 2048
1741195264 2048
1741197312 4096
1741201408 8192
1741209600 1024
1741216768 1024
1741217792 8192
1741225984 4096
1741230080 2048
1741233152 1024
1741234176 8192
1741242368 1024
1741245440 1024
1741246464 4096
1741250560 4096
1741254656 2048
1741256704 1024
1741264896 2048
1741266944 8192
1741275136 16384
1741291520 8192
1741299712 4096
1741305856 2048
1741307904 16384
1741324288 4096
1741328384 1024
1741330432 2048
1741332480 8192
1741340672 4096
1741345792 1024
1741349888 1024
1741351936 1024
1741352960 4096
1741357056 8192
1741365248 1024
1741381632 8192
1741389824 1024
1741392896 1024
1741399040 1024
1741400064 1024
1741406208 1024
1741408256 1024
1741411328 1024
1741412352 1024
1741428736 1024
1741445120 1024
1741451264 1024
1741457408 2048
1741459456 2048
1741461504 1024
1741472768 1024
1741481984 2048
1741498368 2048
1741501440 1024
1741515776 1024
1741517824 1024
1741522944 1024
1741529600 256
1741536256 1024
1741537280 2048
1741539328 1024
1741548544 1024
1741551616 2048
1741553664 1024
1741564928 1024
1741591552 1024
1741645824 1024
1741666304 2048
1741668352 4096
1741672448 2048
1741675520 1024
1741677568 1024
1741678592 1024
1741687808 1024
1741688832 1024
1741691904 1024
1741722624 1024
1741778944 1024
1741785088 1024
1741801472 1024
1741803520 1024
1741805568 1024
1741815808 1024
1741840384 1024
1741855744 1024
1741856768 8192
1741871104 1024
1741892608 1024
1741905920 512
1741906432 256
1741906944 1024
1741921280 1024
1741923584 256
1741924352 1024
1741937664 1024
1741944832 1024
1741946880 4096
1741958144 1024
1741959168 1024
1741968384 1024
1741972480 1024
1741984768 1024
1741988864 1024
1741997056 1024
1741998080 1024
1742005760 512
1742011392 1024
1742022656 2048
1742024704 4096
1742028800 8192
1742036992 1024
1742046208 1024
1742047232 2048
1742049280 4096
1742053376 8192
1742076928 1024
1742090240 1024
1742099456 1024
1742132224 1024
1742139392 2048
1742150656 1024
1742151680 2048
1742154752 1024
1742169088 512
1742171136 1024
1742173184 1024
1742174208 1024
1742179328 1024
1742210048 1024
1742211072 2048
1742213120 4096
1742217216 4096
1742225408 1024
1742236672 1024
1742243840 1024
1742247936 1024
1742266368 2048
1742270464 4096
1742274560 16384
1742317568 1024
1742320640 1024
1742321664 2048
1742323712 4096
1742342144 2048
1742344192 2048
1742347520 256
1742347776 512
1742348288 8192
1742356480 8192
1742389248 4096
1742393344 2048
1742395392 1024
1742411776 2048
1742413824 2048
1742422016 1024
1742427136 1024
1742428160 2048
1742430208 2048
1742450688 1024
1742452736 1024
1742483456 4096
1742487552 1024
1742494720 1024
1742495744 1024
1742497792 2048
1742500864 1024
1742501888 2048
1742503936 4096
1742508032 2048
1742510080 1024
1742512128 8192
1742520320 2048
1742522368 1024
1742532608 4096
1742536704 8192
1742544896 4096
1742548992 1024
1742559232 2048
1742561280 8192
1742569472 16384
1742585856 4096
1742602240 4096
1742606336 1024
1742608384 2048
1742610432 8192
1742618624 16384
1742635008 16384
1742651392 8192
1742659584 2048
1742661632 1024
1742663680 2048
1742671872 4096
1742675968 8192
1742684160 8192
1742692352 4096
1742696448 2048
1742698752 256
1742699264 256
1742699520 1024
1742700544 2048
1742703616 1024
1742704640 4096
1742708736 4096
1742712832 2048
1742715904 1024
1742716928 16384
1742733312 1024
1742743552 2048
1742748672 1024
1742789632 1024
1742790656 2048
1742792704 1024
1742874624 1024
1742878720 2048
1742884864 1024
1742894080 1024
1742898176 1024
1742904320 1024
1742910464 1024
1742914560 1024
1742942208 1024
1742948352 2048
1742950400 1024
1742955520 1024
1742960640 1024
1742963712 1024
1742964736 1024
1742980096 1024
1742982144 512
1742982656 256
1742984192 1024
1742988288 1024
1742998528 1024
1743017984 1024
1743030272 1024
1743036416 1024
1743040512 1024
1743047680 1024
1743048704 1024
1743054848 1024
1743066112 1024
1743076352 512
1743076864 256
1743095808 1024
1743098880 1024
1743105024 1024
1743115264 1024
1743116288 2048
1743119360 1024
1743121408 1024
1743122432 1024
1743126528 1024
1743133696 1024
1743136768 2048
1743151104 1024
1743176704 1024
1743177728 2048
1743180800 1024
1743186944 1024
1743196160 2048
1743208448 2048
1743228928 1024
1743238144 1024
1743254528 1024
1743258624 1024
1743294464 1024
1743311872 512
1743312384 256
1743324160 1024
1743334400 1024
1743336448 1024
1743349760 1024
1743355904 1024
1743357952 1024
1743381504 1024
1743388672 1024
1743393792 1024
1743403008 1024
1743420416 1024
1743421440 1024
1743432704 1024
1743434752 1024
1743468544 2048
1743474688 2048
1743486976 4096
1743491072 2048
1743501312 1024
1743503360 1024
1743505408 1024
1743510528 1024
1743511552 8192
1743519744 16384
1743536128 8192
1743544320 1024
1743550464 1024
1743566848 1024
1743581184 4096
1743585280 4096
1743591424 2048
1743602688 1024
1743607808 1024
1743624192 1024
1743630336 4096
1743634432 16384
1743650816 2048
1743654912 4096
1743659008 4096
1743663104 2048
1743665152 1024
1743673344 2048
1743675392 1024
1743684608 1024
1743686656 1024
1743687680 1024
1743691776 8192
1743700992 1024
1743703040 1024
1743715328 1024
1743716352 1024
1743727616 1024
1743733760 1024
1743755264 2048
1743762432 1024
1743763456 1024
1743765504 2048
1743768576 1024
1743769600 1024
1743773696 1024
1743778816 1024
1743785984 1024
1743791104 1024
1743800320 1024
1743803392 1024
1743813632 1024
1743825920 1024
1743830016 1024
1743844352 1024
1743850496 1024
1743870976 1024
1743872000 1024
1743888384 1024
1743894528 2048
1743903744 1024
1743945728 512
1743953920 1024
1743955968 2048
1743958016 1024
1743964160 1024
1743967232 1024
1743969280 1024
1743974400 1024
1744013312 1024
1744043008 1024
1744048128 1024
1744058880 512
1744059392 1024
1744060416 4096
1744064512 2048
1744073728 1024
1744086016 1024
1744103424 1024
1744108544 1024
1744115456 256
1744122880 1024
1744124928 1024
1744130048 1024
1744141312 1024
1744142336 1024
1744177152 2048
1744205824 2048
1744208896 1024
1744214016 1024
1744283648 2048
1744285696 1024
1744291840 1024
1744294912 1024
1744322560 512
1744331776 1024
1744337920 1024
1744345088 1024
1744349184 1024
1744355328 1024
1744360448 1024
1744363520 2048
1744373760 2048
1744385024 1024
1744404480 1024
1744406528 1024
1744408576 1024
1744413696 1024
1744414720 2048
1744416768 1024
1744419840 1024
1744421120 256
1744434176 1024
1744436224 1024
1744445440 1024
1744463872 1024
1744468992 1024
1744483328 1024
1744486400 1024
1744492544 1024
1744494592 1024
1744497664 1024
1744500736 2048
1744510976 1024
1744524288 1024
1744527360 1024
1744534528 1024
1744543744 1024
1744551936 1024
1744555008 1024
1744564224 1024
1744575488 1024
1744577536 1024
1744584704 1024
1744592896 1024
1744594944 1024
1744612352 1024
1744620544 1024
1744621568 1024
1744627712 1024
1744631808 1024
1744634880 1024
1744649216 1024
1744686080 1024
1744690176 1024
1744691200 1024
1744693248 1024
1744701440 1024
1744704512 1024
1744715776 2048
1744718848 1024
1744728064 1024
1744744448 1024
1744747520 1024
1744782336 1024
1744787456 2048
1744799744 2048
1744812032 1024
1744816128 1024
1744818176 1024
1744823296 1024
1755735808 256
1759429632 256
1778384896 256
1778385408 512
1778385920 1024
1778386944 2048
1778388992 4096
1778396160 1024
1778401280 16384
1778515968 512
1778516736 256
1778516992 1024
1778518016 2048
1778520064 4096
1778524160 8192
1778532352 16384
1778548736 32768
1778585600 4096
1778589696 8192
1778597888 4096
1778601984 1024
1778604032 2048
1778606080 8192
1778614272 32768
1778647040 262144
1778909184 131072
1779105792 65536
1779171328 262144
1779433472 1048576
1780482048 1048576
1781530624 2048
1781532672 1024
1781534720 4096
1781538816 4096
1781545216 256
1781545984 512
1781546752 256
1781547008 16384
1781563392 32768
1781596416 256
1781596672 512
1781597184 1024
1781598208 2048
1781600256 4096
1781604352 8192
1781612544 8192
1781620736 256
1781621248 512
1781621760 1024
1781622784 2048
1781624832 4096
1781628928 32768
1781661696 65536
1781792768 262144
1782054912 524288
1783234560 65536
1783300096 32768
1783332864 16384
1783351552 256
1783352320 1024
1783353344 4096
1783357440 8192
1783627776 1048576
1785462784 262144
1785724928 1048576
1793064960 1048576
1805212416 256
1805212672 512
1833370624 256
1844707328 65536
1845886976 131072
1846542336 262144
1847732224 2048
1848115200 131072
1848246272 65536
1848313600 256
1848313856 2048
1848315904 4096
1848320000 8192
1848328192 16384
1848344576 32768
1848380416 1024
1848414208 4096
1848639488 32768
1848672256 8192
1848680704 256
1848680960 512
1848681472 1024
1848682496 2048
1848684544 4096
1848688640 16384
1848836096 65536
1848901632 131072
1849163776 524288
1849688064 131072
1850212352 131072
1850408960 65536
1850474496 4096
1850478592 1024
1850479616 256
1850480128 256
1850480640 2048
1850482688 8192
1850508288 1024
1850514432 1024
1850521600 1024
1850523648 16384
1850540032 32768
1850736640 524288
1851260928 262144
1851540480 1024
1851596800 8192
1851654144 131072
1851785216 2097152
1855455232 262144
1855717376 131072
1856372736 131072
1856815104 16384
1856831488 8192
1856839680 4096
1856847872 8192
1856880640 8192
1857028096 1048576
1858076672 2097152
1860435968 262144
1860706304 8192
1860960256 131072
1861222400 1048576
1862270976 4194304
1866596352 65536
1866711040 4096
1866743808 8192
1866989568 524288
1867841536 65536
1868283904 8192
1868363776 2048
1869611008 262144
1869873152 131072
1870055424 2048
1870086144 4096
1870090240 512
1870090752 256
1870091264 1024
1870092288 2048
1870094336 8192
1870102528 8192
1870135296 262144
1870397440 65536
1870528512 131072
1870659584 2097152
1872756736 524288
1873412096 65536
1873543168 262144
1873805312 524288
1874460672 131072
1874853888 1048576
1875902464 524288
1876761600 256
1876787200 32768
1876819968 65536
1876886528 1024
1876887552 2048
1876889600 1024
1876946944 1024
1876949248 256
1876949504 512
1876951040 524288
1877696512 8192
1877711872 1024
1877712896 2048
1877715456 512
1877715968 1024
1877716992 4096
1879048192 4194304
1883242496 262144
1883848704 16384
1883897856 65536
1884291072 1048576
1885339648 524288
1886224384 32768
1886322688 65536
1886388224 262144
1886650368 131072
1887043584 131072
1887174656 262144
1887436800 262144
1887698944 65536
1888038912 2048
1891631104 262144
1893728256 2097152
1895825408 524288
1896349696 131072
1896595456 8192
1896611840 262144
1896873984 131072
1897005056 65536
1897261056 2048
1897398272 262144
1897857024 65536
1898708992 262144
1898971136 262144
1899274240 8192
1899291648 1024
1899364352 131072
1899495424 131072
1899626496 65536
1899692032 32768
1899749376 1024
1899888640 131072
1900019712 4194304
1904214016 131072
1904369664 4096
1904373760 2048
1904476160 262144
1904738304 524288
1908539392 131072
1908761600 512
1908762112 256
1908932608 131072
1909063680 65536
1909194752 262144
1909481472 8192
1909489664 32768
1909522432 65536
1909719040 16384
1909744640 1024
1909766144 2048
1909784576 32768
1909850112 131072
1910112256 131072
1910243328 262144
1910505472 1048576
1911554048 524288
1912078336 262144
1914437632 65536
1914650624 2048
1916141568 131072
1916534784 262144
1916796928 262144
1917059072 65536
1917796352 16384
1917845504 1048576
1918894080 524288
1919418368 262144
1919811584 4096
1919827968 16384
1919877120 8192
1919918080 8192
1919943680 1024
1919944704 1024
1919945728 512
1919948800 2048
1919950848 8192
1919959040 8192
1919967232 4096
1919972352 1024
1919973376 2048
1919977472 2048
1919979520 4096
1919983616 8192
1919991808 8192
1920008192 32768
1920040960 2048
1920044032 1024
1920045056 4096
1920049152 8192
1920058368 1024
1920059392 2048
1920061440 4096
1920065536 4096
1920073728 65536
1920139264 16384
1920156672 1024
1920157696 2048
1920159744 4096
1920163840 8192
1920172032 32768
1920204800 262144
1921253376 16384
1921269760 8192
1921277952 2048
1921280000 1024
1921281024 512
1921281536 256
1921282048 4096
1921286144 32768
1921449984 65536
1921646592 131072
1921859584 2048
1921863680 2048
1921875968 16384
1925447680 131072
1925642240 2048
1926234112 1048576
1927282688 2097152
1930952704 262144
1931214848 131072
1931427840 4096
1931476992 262144
1932146688 1024
1932263424 262144
1932525568 1048576
1933918208 4096
1934884864 16384
1934934016 8192
1934999552 16384
1935933440 262144
1936195584 262144
1937244160 262144
1937510400 4096
1939079168 262144
1939341312 524288
1940275200 8192
1940389888 524288
1941176320 262144
1941635072 4096
1941831680 131072
1941962752 2097152
1944059904 1048576
1946159104 2048
1946163200 2048
1946222592 65536
1946288128 131072
1946419200 262144
1946681344 262144
1947009024 65536
1947205632 1048576
1949433856 4096
1949564928 262144
1949827072 131072
1949990912 4096
1950011392 4096
1950089216 262144
1950482432 16384
1950498816 8192
1950507008 4096
1950513152 1024
1950648320 2048
1950658560 2048
1950679040 65536
1950744576 32768
1951137792 262144
1951727616 65536
1952026624 4096
1952075776 4096
1952102400 2048
1952382976 65536
1953497088 262144
1953759232 131072
1954545664 4194304
1958739968 65536
1958809600 4096
1958813696 8192
1958850560 2048
1958871040 131072
1959002112 2048
1959004160 1024
1959005184 512
1959006208 4096
1959010560 256
1959010816 512
1959011328 1024
1959012352 2048
1959014400 4096
1959018496 16384
1959034880 32768
1959108608 2048
1959113728 512
1959133184 65536
1959198720 32768
1959231488 4096
1959235584 1024
1959236864 256
1959237120 512
1959237632 2048
1959526400 131072
1959723008 65536
1959788544 262144
1960091648 4096
1960132608 16384
1960148992 32768
1960189952 8192
1960198144 4096
1960214528 32768
1960247296 65536
1960312832 262144
1960837120 1048576
1962016768 131072
1962147840 262144
1962409984 131072
1962672128 131072
1962829824 2048
1962835968 32768
1962901504 32768
1963458560 524288
1964310528 65536
1964376064 131072
1964507136 524288
1965031424 524288
1965555712 262144
1965817856 131072
1966080000 262144
1966419968 4096
1966452736 4096
1966669824 65536
1966735360 16384
1966800896 65536
1966866432 262144
1967128576 524288
1967652864 131072
1967800320 8192
1967816704 32768
1967849472 65536
1967915008 262144
1968177152 1048576
1969487872 131072
1969688576 4096
1969694720 2048
1969702912 2048
1969717248 4096
1969793024 2048
1969798144 256
1969881088 131072
1970274304 524288
1970814976 4096
1970819072 1024
1970820096 512
1970820608 256
1970821120 2048
1970823168 8192
1970831360 32768
1970864128 8192
1970872320 2048
1970874368 1024
1970875392 512
1970875904 256
1970876416 4096
1970880512 16384
1970896896 4096
1970902016 1024
1970903040 2048
1970905088 8192
1970913280 2048
1970962432 32768
1971060736 262144
1971322880 4194304
1981284352 131072
1981415424 8192
1981424640 1024
1981425664 2048
1981427712 4096
1981431808 8192
1981440000 4096
1981444096 2048
1981448192 32768
1981546496 262144
1983905792 131072
1984036864 65536
1984131072 4096
1984430080 524288
1984954368 131072
1985216512 131072
1985486848 8192
1985495040 16384
1985511424 32768
1985544192 65536
1986400256 4096
1986404352 2048
1986503680 1024
1986504704 2048
1986506752 1024
1986524416 256
1986524672 512
1987051520 524288
1987575808 262144
1987837952 131072
1987969280 256
1987969536 512
1987970048 1024
1987971072 2048
1987973120 512
1987973632 256
1987977216 8192
1987985408 16384
1988001792 32768
1988067328 8192
1988362240 262144
1989148672 262144
1991376896 65536
1991507968 262144
1991771392 256
1991772160 512
1991772672 256
1991773184 256
1991796992 256
1991797248 512
1991797760 512
1991798272 256
1991798784 4096
1991802880 16384
1991819264 2048
1991823360 4096
1991831552 4096
1991901184 65536
1991966720 4096
1991970816 2048
1991972864 512
1991973632 256
1991973888 1024
1991974912 8192
1991983104 16384
1991999488 32768
1992032256 65536
1992163328 65536
1992228864 32768
1992261632 16384
1992278016 4096
1992282112 2048
1992292352 2048
1992294400 65536
1992359936 1024
1992370176 2048
1992374272 2048
1992377344 1024
1992378368 256
1992379648 256
1992384512 8192
1992425472 4096
1992429568 2048
1992431616 1024
1992432896 256
1992433152 512
1992433664 8192
1992441856 16384
1992458240 16384
1992474624 8192
1992484864 2048
1992486912 4096
1992491008 65536
1992556544 262144
1992949760 131072
1993080832 262144
1993605120 131072
1993850880 16384
1994391552 262144
1994653696 32768
1994686464 4096
1994690560 2048
1994693632 1024
1994694656 8192
1994702848 16384
1994719232 65536
1994784768 65536
1995374592 65536
1995571200 65536
1995702272 262144
1995964416 524288
1996488704 131072
1996619776 8192
1996652544 32768
1996685312 65536
1996750848 262144
1997012992 65536
1997144064 32768
1997506560 2048
1997537280 65536
1997717504 4096
1997721600 2048
1997725696 1024
1997726720 256
1997727232 512
1997727744 2048
1997729792 4096
1997733888 65536
1997799424 262144
1998274560 16384
1998290944 32768
1998330880 256
1998389248 65536
1998467072 4096
1998569472 8192
1998585856 262144
1998848000 131072
1998979072 32768
1999011840 16384
1999028224 4096
1999032320 1024
1999033344 512
1999033856 32
1999033912 8
1999033920 64
1999033984 128
1999034112 256
1999034368 2048
1999044608 65536
1999110144 16384
1999126528 4096
1999142912 32768
1999175680 65536
1999241216 8192
1999254528 1024
1999273984 4096
1999298560 8192
1999372288 131072
1999634432 524288
2000224256 65536
2000289792 65536
2000388096 32768
2000420864 131072
2000551936 65536
2000625664 8192
2001457152 4096
2001600512 131072
2001731584 65536
2001915904 4096
2001993728 262144
2002255872 262144
2002780160 524288
2003566592 131072
2003828736 1048576
2004877312 1048576
2005925888 262144
2006228992 8192
2006433792 16384
2007025664 2048
2007070720 2048
2007072768 32768
2007105536 131072
2007236608 262144
2008023040 1048576
2011693056 131072
2011922432 8192
2011930624 4096
2011936768 1024
2012741632 262144
2013028352 2048
2013065216 2048
2013067264 1024
2013068288 512
2013068800 256
2013069312 65536
2013134848 131072
2013265920 1048576
2014838784 262144
2015232000 16384
2015248384 4096
2015252480 2048
2015254528 1024
2015255552 512
2015256064 256
2015256576 8192
2015264768 32768
2015297536 65536
2015363072 1048576
2016411648 131072
2016673792 262144
2017460224 524288
2017992704 8192
2018017280 32768
2018246656 262144
2018508800 524288
2019035136 2048
2019164160 131072
2019295232 65536
2019426304 131072
2021654528 262144
2021916672 32768
2021949440 16384
2021965824 8192
2021974016 2048
2021976064 1024
2021978112 4096
2021982208 65536
2022047744 131072
2022182912 2048
2022211584 16384
2022244352 32768
2022670336 8192
2025848832 4194304
2030045184 2048
2030047232 4096
2030305280 131072
2030567424 524288
2031091712 1048576
2032140288 524288
2032664576 262144
2033057792 16384
2033077248 1024
2033090560 32768
2033123328 65536
2033188864 131072
2033321984 2048
2033385472 65536
2033491968 8192
2033504256 4096
2033508352 8192
2033627136 2048
2033647616 16384
2033713152 131072
2033844224 32768
2033879040 2048
2033881088 4096
2033885184 2048
2033909760 65536
2033975296 262144
2034499584 262144
2035023872 131072
2035253248 16384
2035875840 65536
2036629504 32768
2036662272 16384
2036715520 4096
2042626048 524288
2043199488 2048
2043215872 16384
2043232256 4096
2043236352 2048
2043238400 1024
2043239424 512
2043239936 256
2043240448 8192
2043248640 32768
2043412480 262144
2044723200 1048576
2046296064 262144
2046754816 65536
2046836736 16384
2046853120 32768
2047082496 262144
2047344896 256
2047346176 512
2047347200 512
2047347712 1024
2047348736 4096
2047352832 8192
2047361024 4096
2047365120 1024
2047366656 512
2047367168 256
2047368192 1024
2047369216 1024
2047370240 256
2047373056 256
2047373312 2048
2047375360 1024
2047376384 512
2047377408 32768
2047509504 1024
2047510528 2048
2047512576 4096
2047516672 1024
2047525888 512
2047531008 1024
2047534080 1024
2047535104 2048
2047537152 2048
2047539200 1024
2047541248 32768
2047606784 131072
2047737856 32768
2047787008 16384
2049966080 65536
2050031616 16384
2050162688 65536
2051014656 2097152
2053111808 131072
2053279744 4096
2053283840 2048
2053286912 1024
2053287936 4096
2053292032 2048
2053302272 2048
2053304320 4096
2053505024 4096
2053521408 8192
2054160384 16384
2054176768 8192
2054184960 1024
2054188288 256
2054190592 256
2054191616 512
2054192128 512
2054193152 32768
2054225920 65536
2054291456 65536
2054356992 16384
2054377472 4096
2054381568 8192
2054389760 32768
2054619136 65536
2055234560 1024
2055239680 2048
2055733248 524288
2056290304 32768
2056830976 16384
2057043968 262144
2059141120 262144
2059403264 262144
2059796480 65536
2059937792 2048
2059943936 16384
2060005376 4096
2060189696 262144
2061500416 1048576
2062548992 524288
2063079424 2048
2063085568 4096
2063548416 2048
2063630336 2048
2063632384 512
2063633152 256
2063633408 1024
2063634688 256
2063635200 256
2063635456 1024
2063636480 2048
2063638528 4096
2063642624 1024
2063643904 256
2063644160 256
2063644672 256
2063646464 256
2063859712 262144
2064121856 524288
2066842112 256
2066843648 1024
2066844928 256
2066845440 256
2066847744 2048
2066849792 8192
2066857984 16384
2066915328 8192
2067005440 262144
2067267584 131072
2067398656 16384
2067415040 4096
2067419136 2048
2067421184 1024
2067423232 8192
2067431424 32768
2067464192 65536
2067595264 65536
2067660800 65536
2067791872 2097152
2069889024 131072
2070020096 32768
2070118400 32768
2070151168 8192
2070210560 256
2070216704 65536
2070347776 4096
2070351872 2048
2070353920 1024
2070354944 512
2070355456 256
2070355968 8192
2070364160 16384
2070709760 256
2070710784 512
2070711296 256
2070711808 256
2070728704 4096
2070937600 1048576
2071986176 524288
2072576000 65536
2072641536 131072
2073034752 1048576
2074083328 1048576
2075147264 1024
2075152384 4096
2075197440 65536
2075262976 131072
2075394048 262144
2075656192 524288
2076442624 131072
2076672000 32768
2077097984 131072
2078801920 262144
2079457280 32768
2079506432 2048
2079588352 262144
2079916032 65536
2080178176 65536
2080268288 2048
2080784384 16384
2081292288 131072
2081423360 131072
2081685504 262144
2082258944 16384
2082275328 32768
2082406400 65536
2083024896 4096
2083028992 16384
2083045376 8192
2083057664 1024
2083127296 65536
2083454976 16384
2084569088 131072
2084700160 32768
2084765696 65536
2084831232 131072
2084962304 1024
2085093376 524288
2086141952 524288
2087454720 2048
2087462912 2048
2087542784 2048
2087714816 524288
2088632320 131072
2088763392 524288
2090041344 32768
2090240256 256
2090270720 65536
2090336256 65536
2090598400 65536
2090860544 524288
2091646976 262144
2092957696 131072
2093219840 65536
2093481984 524288
2094792704 262144
2095054848 1048576
2096103424 32768
2096136192 16384
2096234496 65536
2096349184 16384
2096627712 32768
2096693248 65536
2096758784 32768
2096793600 2048
2096795648 4096
2096799744 8192
2096807936 16384
2096824320 65536
2097020928 16384
2099232768 16384
2099249152 1048576
2100985856 32768
2101182464 32768
2101215232 16384
2101346304 2097152
2103443456 131072
2103574528 65536
2103967744 524288
2104492032 1048576
2108227584 65536
2108358656 65536
2110783488 8192
2110792960 256
2110793728 256
2110795008 256
2110795776 4096
2110914560 131072
2111111168 32768
2111201280 8192
2111242240 16384
2111307776 524288
2113830912 32768
2154561536 65536
2166095872 65536
2178940416 256
2212782080 256
2229796864 65536
2230158848 256
2230162944 256
2259615744 65536
2275397632 4096
2280935424 4096
2302360320 256
2302367744 1024
2317415424 1024
2332375040 2048
2332381184 1024
2332384256 1024
2332393472 1024
2332401664 1024
2332409856 1024
2332412928 1024
2332423168 1024
2332622848 65536
2340487168 65536
2341732352 65536
2342191104 65536
2342453248 8192
2342461440 2048
2342463488 1024
2342466048 512
2342466560 1024
2342467584 2048
2342469632 8192
2342477824 4096
2342481920 1024
2342482944 512
2342483968 2048
2342486016 32768
2343174144 65536
2343567360 65536
2344026112 65536
2344222720 65536
2344419328 65536
2344878080 131072
2345009152 2048
2345011200 512
2345011968 256
2345012224 1024
2345013248 4096
2345017344 8192
2345025536 8192
2345033728 4096
2345037824 2048
2345040128 256
2345040384 512
2345040896 1024
2345041920 32768
2345074688 65536
2345140224 524288
2345664512 524288
2346254336 65536
2346385408 65536
2346450944 32768
2346483712 16384
2346500096 1024
2346501120 512
2346502144 2048
2346504192 512
2346505216 1024
2346506240 2048
2346508288 8192
2346516480 65536
2346713088 65536
2346844160 131072
2353725440 65536
2355482624 256
2358181888 65536
2362245120 16384
2362261504 8192
2362269696 4096
2362273792 2048
2362275840 512
2362276608 256
2362276864 1024
2362277888 32768
2362310656 131072
2362572800 65536
2363490304 65536
2364342272 65536
2364538880 65536
2364725248 256
2364727040 256
2364727296 256
2364735488 65536
2364932096 65536
2365128704 65536
2365194240 65536
2365521920 65536
2415919104 65536
2416377856 65536
2416705536 65536
2418315776 512
2419067904 1024
2419081216 1024
2419087360 1024
2419104768 1024
2419110912 1024
2419111936 1024
2419117056 1024
2419118080 2048
2419326976 65536
2423980032 65536
2429767680 256
2429782528 256
2432630784 65536
2453192704 16384
2462332928 1024
2462336000 1024
2462342144 1024
2462347264 2048
2462350336 1024
2463729920 256
2464042752 256
2464043264 256
2464046592 256
2487615488 65536
2516582400 65536
2523725824 65536
2524119040 65536
2524512256 65536
2524577792 65536
2525071360 1024
2525085696 1024
2525101056 1024
2525626368 131072
2531196928 65536
2532442112 2048
2532444160 1024
2532449280 1024
2532453376 1024
2532454400 2048
2532456448 1024
2532461568 1024
2532462592 1024
2532465664 1024
2532466688 1024
2532470784 2048
2532472832 1024
2532481024 2048
2532483072 2048
2532485120 1024
2532489216 2048
2532491264 1024
2532499456 1024
2532501504 2048
2532503552 2048
2532505600 1024
2533294080 65536
2556985344 32768
2566914048 65536
2567110656 65536
2569142272 131072
2569273344 131072
2573402112 65536
2573533184 65536
2574647296 131072
2584248320 32768
2624299008 256
2624301568 256
2634022912 65536
2635202560 65536
2638020608 65536
2641823744 2048
2641825792 1024
2641828864 1024
2641855488 1024
2641856512 2048
2641858560 4096
2641862656 2048
2641865728 1024
2641870848 2048
2641883136 1024
2641886208 1024
2642018304 65536
2642786816 512
2642788352 2048
2642793472 256
2643722240 65536
2644246528 65536
2650734592 65536
2677635072 1024
2682388480 65536
2685652992 2048
2685655040 1024
2685677568 1024
2688420352 256
2689821952 256
2689822208 512
2697608192 512
2697608704 256
2697630720 1024
2697631744 1024
2697647104 1024
2697648128 2048
2697650176 8192
2699968512 1024
2711814144 2048
2711821312 512
2711859200 256
2711859712 512
2711860224 1024
2714697728 65536
2721972224 65536
2724790272 65536
2734686208 65536
2737767424 1024
2738159616 4096
2738168832 1024
2738169856 2048
2738171904 4096
2738176000 1024
2738182144 2048
2738184192 8192
2738192384 2048
2738194432 1024
2738200576 4096
2738207744 1024
2738215936 1024
2738220032 1024
2738221056 512
2738221568 256
2742878208 65536
2743992320 65536
2746286080 65536
2746417152 65536
2748055552 65536
2750739968 256
2754884608 256
2778471936 256
2792292352 65536
2810904576 65536
2814181376 65536
2816275456 1024
2829029376 2048
2829031424 1024
2829032448 512
2829032960 256
2829058048 65536
2833645568 256
2859073536 65536
2863857664 65536
2866929664 512
2868680704 2048
2869428224 524288
2871132160 131072
2871263232 262144
2871525376 524288
2874146816 1048576
2875719680 524288
2876243968 1048576
2882535424 1048576
2891038720 16384
2936012800 1048576
2937061376 524288
2937585664 262144
2937978880 131072
2938765312 131072
2938896384 65536
2939027456 131072
2939158528 1048576
2940207104 2097152
2942697472 65536
2942992384 32768
2943314944 1024
2943324160 4096
2943328256 4096
2943334400 1024
2945581056 131072
2945712128 262144
2945974272 262144
2946392064 1024
2946498560 1048576
2947587072 1024
2947678208 65536
2948104192 16384
2948136960 65536
2948202496 131072
2948333568 262144
3024883712 4096
3024887808 8192
3024896000 16384
3024912384 16384
3024928768 8192
3024936960 4096
3024941056 256
3024941568 512
3024942080 1024
3024943104 1024
3024944128 512
3024944896 256
3024945152 65536
3025010688 131072
3025403904 131072
3025534976 65536
3025666048 262144
3026073600 2048
3026083840 4096
3026089984 2048
3026157568 32768
3026190336 2097152
3028385792 32768
3028418560 65536
3028811776 524288
3029602304 2048
3029637120 2048
3029653504 2048
3029655552 8192
3029696512 8192
3029774336 4096
3029860352 524288
3030384640 1048576
3031592960 2048
3031613440 16384
3031957504 262144
3032219648 32768
3032323072 1024
3033070592 1024
3033071616 65536
3033137152 131072
3033530368 131072
3033715712 1024
3033721088 256
3033721856 1024
3033792512 131072
3034505216 8192
3034513408 65536
3035168768 16384
3035185152 8192
3035205632 1024
3035316224 8192
3035328512 1024
3054538752 2048
3054551040 8192
3054632960 32768
3055007744 2048
3055011840 2048
3055550464 1048576
3056623616 8192
3056664576 65536
3056730112 1024
3056732160 2048
3056758784 4096
3056795648 32768
3056828416 16384
3056844800 2048
3056847872 1024
3056848896 4096
3056852992 8192
3056992256 32768
3057451008 16384
3057483776 32768
3058696192 524288
3059220480 262144
3059482624 65536
3059744768 2097152
3061841920 1048576
3062890496 524288
3063742464 65536
3063955456 8192
3064856576 131072
3066560512 524288
3068952576 32768
3068991488 2048
3069050880 65536
3069116416 8192
3069181952 524288
3070099456 65536
3070230528 4194304
3074424832 524288
3075383296 2048
3075388416 1024
3075585024 1024
3075735552 131072
3076227072 1024
3076229120 2048
3076231168 4096
3076259840 262144
3078619136 2097152
3080716288 524288
3081240576 131072
3081371648 65536
3081502720 262144
3082289152 524288
3082813440 4194304
3110988800 256
3162734592 32768
3221952256 256
3221953024 256
3221956352 256
3222006784 256
3222781696 256
3224832512 512
3224840192 256
3224841728 256
3224847360 1024
3227962368 1024
3229391360 256
3230211840 256
3230369536 256
3230369792 256
3230433280 2048
3230435328 1024
3230440448 1024
3230441472 8192
3230449664 4096
3230453760 2048
3230695424 32768
3231910656 256
3234338816 256
3236454656 256
3239329792 1024
3245342720 65536
3263875584 512
3333383168 1024
3335524608 256
3339143168 256
3342974976 2048
3354693632 256
3389023232 512
3389028864 512
3389090048 256
3389090304 256
3389227008 512
3389292544 8192
3389324288 1024
3389378560 2048
3389380608 1024
3389392384 512
3389407744 512
3389409280 512
3389413120 256
3389413376 512
3389414400 512
3389417216 256
3389418496 256
3389419008 512
3389420032 256
3389435904 4096
3389521920 256
3389522432 512
3389522944 512
3389524992 256
3389528064 256
3389541632 256
3389554688 8192
3389571072 4096
3389595648 256
3389596160 512
3389599744 512
3389600512 256
3389600768 512
3389601280 256
3389602048 256
3389602304 512
3389669376 2048
3389671936 512
3389672448 1024
3389681664 4096
3389784320 256
3389784576 256
3389788416 256
3389788672 512
3389802496 256
3389805568 512
3389808640 256
3389809152 512
3389811200 256
3389812480 256
3389813760 256
3389931520 512
3389932800 256
3389933824 256
3389934080 512
3389934592 256
3389935104 512
3389937664 256
3389939968 256
3389941760 512
3389942784 512
3389943552 256
3389944320 512
3389945344 512
3389946880 512
3389947648 256
3389948160 256
3389949696 256
3389949952 256
3389953280 256
3389953792 256
3389955328 256
3389955584 512
3389958400 256
3389958656 512
3389959168 1024
3389960192 256
3389962240 512
3389968384 512
3389969664 256
3389971200 256
3389971456 256
3389971968 512
3389972736 256
3389972992 512
3389974272 256
3389975296 256
3389975552 1024
3389978112 256
3389979392 256
3390325248 256
3390328576 256
3390330624 256
3390330880 512
3390331392 256
3390332416 512
3390337536 256
3390338304 256
3390339072 256
3390340352 256
3390340608 512
3390386176 4096
3390407424 256
3390407680 256
3390409984 256
3390410240 256
3390411520 256
3390411776 256
3390412288 512
3390412800 512
3390413312 256
3390413824 256
3390427136 256
3390502912 2048
3390770176 256
3390770688 256
3390801920 512
3391414784 256
3391488000 1024
3391490048 2048
3391500288 4096
3391504384 16384
3391520768 2048
3391522816 512
3391523328 256
3391523840 1024
3391525376 512
3391526144 256
3391526400 512
3391526912 1024
3391527936 256
3391528448 512
3391528960 512
3391529984 1024
3391531008 1024
3391533056 512
3391535104 2048
3391537152 16384
3391620096 512
3391620864 256
3391622912 256
3391653632 256
3391653888 256
3391654912 256
3391655680 256
3391655936 512
3391657472 256
3391658752 256
3391659008 256
3391659520 512
3391660544 256
3391686656 512
3391687424 256
3391687680 512
3391717376 256
3391717888 512
3391720960 256
3391723520 2048
3391733760 256
3391734784 1024
3391735808 1024
3391746048 4096
3391835136 1024
3391852544 4096
3391885312 4096
3391893504 1024
3391898368 256
3391900160 256
3391906048 256
3391914240 256
3391915008 512
3391918592 512
3391946752 512
3391947264 256
3391950592 256
3391950848 4096
3392016384 512
3392016896 256
3392017408 512
3392045056 256
3392069632 4096
3392098816 512
3392102400 4096
3392110080 256
3392110592 256
3392111104 512
3392414208 256
3392442112 256
3392506880 256
3392507648 256
3392787456 1024
3392788480 1024
3392794624 4096
3392798720 256
3392827392 1024
3392864256 512
3392918528 1024
3392924672 256
3392925696 256
3392942080 2048
3392954368 2048
3392958464 4096
3392963584 1024
3392964608 2048
3392966656 4096
3393012736 1024
3393014784 1024
3393017856 1024
3393026816 256
3393027840 256
3393089536 1024
3393124352 1024
3393125376 256
3393126144 256
3393146880 4096
3393167360 8192
3393189888 1024
3393191168 256
3393257472 2048
3393259520 512
3393388544 1024
3393520640 512
3393523712 4096
3393585152 8192
3393609728 4096
3393634304 4096
3393658880 4096
3393726464 2048
3393736704 4096
3393744896 4096
3393814528 1024
3393843200 4096
3393849344 2048
3393856512 256
3393858048 256
3393860608 256
3393867776 4096
3393912320 512
3393966080 4096
3393977344 1024
3394041600 256
3394042880 1024
3394064384 2048
3394067456 1024
3394111488 2048
3394232320 2048
3394238464 1024
3394289664 4096
3394306048 1024
3394351104 4096
3394501632 1024
3394503680 1024
3394504704 2048
3394506752 512
3394508288 256
3394508800 2048
3394621440 4096
3394697472 256
3394719744 4096
3394772992 1024
3394832384 2048
3394854912 1024
3394857984 1024
3394860800 256
3394889728 2048
3394895872 1024
3394899968 4096
3394905344 256
3394920448 8192
3394945280 256
3394946048 256
3394948352 256
3394953216 4096
3394961408 1024
3394985984 4096
3394994176 1024
3395006464 2048
3395008512 512
3395009024 256
3395009536 1024
3395018752 8192
3395026944 1024
3395028992 2048
3395039232 4096
3395091456 1024
3395092480 1024
3395156992 1024
3395158016 8192
3395176960 256
3395178752 256
3395181568 1024
3395223552 8192
3395284992 2048
3395288064 1024
3395289088 1048576
3396337664 524288
3396861952 131072
3396993024 2048
3397001216 2048
3397009408 8192
3397021696 4096
3397025792 256
3397026816 256
3397083136 4096
3397088256 1024
3397089280 1024
3397128192 2048
3397130240 1024
3397217024 256
3397217536 256
3397218304 4096
3397234688 4096
3397320704 2048
3397323776 1024
3397324800 4096
3397330944 2048
3397332992 4096
3397349376 4096
3397353472 8192
3397361664 2048
3397369856 4096
3397373952 512
3397374976 1024
3397376000 2048
3397378048 8192
3397505024 256
3397517312 8192
3397527296 256
3397574656 8192
3397586944 2048
3397597952 256
3397636096 4096
3397722112 4096
3397794304 256
3397812224 4096
3397832704 4096
3397922816 4096
3397963776 4096
3397967872 4096
3397974016 1024
3397975552 512
3398035200 256
3398208512 1024
3398209536 4096
3398279168 8192
3398307840 4096
3398370304 1024
3398373376 4096
3398377472 4096
3398383616 2048
3398394880 1024
3398395904 1024
3398484992 1024
3398606848 4096
3398613504 256
3398614016 1024
3398616064 1024
3398617088 2048
3398668288 4096
3398705152 4096
3398713344 16384
3398770688 8192
3398803456 8192
3398819840 8192
3398832128 4096
3398836224 4096
3398842368 1024
3398877184 4096
3398885376 8192
3398893568 1024
3398926336 8192
3399004160 4096
3399024640 1024
3399026432 256
3399036928 4096
3399335936 8192
3399393280 8192
3399414272 256
3399523328 1024
3399528448 4096
3399631616 256
3399633664 256
3399745536 4096
3399770112 8192
3399835648 2048
3399837696 1024
3399839232 512
3399856128 4096
3399864320 4096
3399872256 256
3399872512 512
3399873280 256
3399873792 256
3399875328 256
3399875584 1024
3399933952 8192
3400028160 1024
3400040448 4096
3400048640 8192
3400171520 8192
3400194048 2048
3400196096 8192
3400259584 2048
3400263680 256
3400264448 256
3400269824 1024
3400271616 256
3400335360 1024
3400336896 256
3400337408 2048
3400364032 1024
3400366080 1024
3400392704 8192
3400417280 4096
3400432640 1024
3400589312 8192
3400769536 4096
3400790016 4096
3400826880 8192
3400847360 2048
3400861696 1024
3400866816 1024
3400888320 4096
3400933376 4096
3400974336 8192
3401383936 16384
3401404416 4096
3401431040 2048
3401515008 256
3401532416 1024
3401533440 2048
3401535488 4096
3401580544 1048576
3405775872 1024
3405777408 512
3405779456 256
3405780992 256
3405785600 512
3405786368 256
3405786624 512
3405795584 256
3405795840 512
3405797888 512
3405799424 512
3405801472 2048
3405804032 512
3405806080 256
3405807616 256
3405808128 512
3405808640 1024
3405809920 256
3405811200 256
3405811712 256
3405812224 256
3405812736 256
3405813248 512
3405813760 256
3405820160 256
3405832192 256
3405841408 1024
3405844992 256
3405847040 512
3405857024 256
3405857280 512
3405858304 512
3405859840 512
3405863424 256
3405865216 256
3405865472 512
3405865984 1024
3405868032 256
3405905152 256
3405905408 256
3405922304 2048
3405924608 256
3405934592 2048
3405938176 512
3405941760 256
3405944320 256
3405944832 1024
3405945856 512
3405946880 2048
3405952000 512
3405956096 512
3405959424 256
3405960704 512
3405963776 512
3405964544 256
3405966336 512
3405988864 256
3405989888 512
3405990656 256
3405991936 2048
3405996032 1024
3405998336 256
3406000128 2048
3406002176 256
3406002944 256
3406006016 256
3406007040 256
3406008064 256
3406070784 512
3406071296 256
3406075648 256
3406075904 1024
3406081536 512
3406083072 256
3406084608 256
3406089472 256
3406090240 1024
3406095104 256
3406095872 512
3406103552 512
3406104320 256
3406104576 512
3406105344 256
3406107904 256
3406108160 256
3406113792 256
3406114304 512
3406115840 1024
3406116864 512
3406117888 512
3406131712 512
3406132736 256
3406133248 256
3406146560 256
3406148608 512
3406149120 256
3406149888 256
3406150144 256
3406150656 512
3406151168 256
3406152448 256
3406157312 512
3406158336 512
3406201600 256
3406202880 256
3406203392 512
3406204416 256
3406206464 512
3406208256 256
3406208768 256
3406225408 4096
3406231552 512
3406266624 256
3406268928 512
3406271232 256
3406272000 512
3406274048 256
3406282752 512
3406284800 256
3406299136 256
3406301184 256
3406305024 256
3406305280 2048
3406317056 256
3406320128 256
3406321152 512
3406322432 256
3406327296 512
3406328576 256
3406341632 512
3406342400 256
3406343424 256
3406346240 256
3406346752 512
3406347776 512
3406348288 256
3406349568 256
3406349824 512
3406351104 256
3406352640 256
3406352896 512
3406353408 1024
3406354688 256
3406355456 256
3406372864 256
3406373888 512
3406379264 256
3406380800 256
3406381312 256
3406382592 512
3406383104 256
3406383872 256
3406384128 512
3406389248 1024
3406390272 512
3406392320 256
3406405120 256
3406438912 256
3406444544 256
3406449152 512
3406451712 1024
3406452736 256
3406454528 256
3406462208 256
3406513664 256
3406515200 1024
3406516736 256
3406517248 1024
3406521344 1024
3406523648 256
3406525696 256
3406526976 256
3406528000 256
3406530560 1024
3406531840 256
3406532096 512
3406541824 1024
3406548992 1024
3406565376 256
3406566144 256
3406567424 256
3406575872 256
3406577920 256
3406578176 256
3406579200 512
3406583552 256
3406584320 512
3406584832 1024
3406586880 512
3406587648 256
3406590464 256
3406591488 256
3406594560 256
3406596352 256
3406611456 1024
3406615296 256
3406617344 256
3406619136 256
3406622720 1024
3406631424 256
3406632960 256
3406638080 512
3406647488 64
3406647808 512
3406648320 1024
3406649344 512
3406650368 1024
3406671104 256
3406684160 512
3406684928 256
3406686464 256
3406698496 1024
3406700800 256
3406706688 256
3406707968 256
3406708224 256
3406718976 256
3406721536 512
3406722560 256
3406733824 256
3406739456 2048
3406741504 256
3406742016 512
3406747136 256
3406751488 256
3406755328 256
3406757888 4096
3406763008 512
3406763520 256
3406780160 256
3406780416 512
3406784768 256
3406786560 2048
3406791168 512
3406796032 256
3406796544 256
3406797824 1024
3406802432 256
3406816000 256
3406817280 2048
3406819328 512
3406820864 256
3406825984 256
3406826496 512
3406827520 2048
3406830336 256
3406833152 256
3406835968 256
3406836224 512
3406838272 256
3406839552 256
3406857472 256
3406864640 256
3406864896 256
3406871040 512
3406881792 256
3406884352 256
3406884864 256
3406886144 256
3406889472 256
3406893568 256
3406896128 256
3406898944 256
3406903296 256
3406907904 512
3406911488 512
3406923776 256
3406930944 256
3406936832 256
3406937600 512
3406948096 256
3406948608 256
3406952448 512
3406954240 256
3406955008 512
3406955520 256
3406956288 256
3406962432 256
3406963968 256
3406966784 512
3406967808 256
3406972928 1024
3406974976 512
3406976768 256
3406980096 512
3406981376 256
3406981888 256
3406982656 256
3406987520 256
3406988032 256
3406988288 512
3406991360 256
3406993664 256
3407005440 256
3407007744 256
3407008512 256
3407009536 256
3407020288 256
3407024640 256
3407026176 256
3407027712 256
3407030528 256
3407031296 512
3407031808 256
3407034880 256
3407035392 512
3407036416 256
3407037440 256
3407038464 256
3407045888 256
3407048448 256
3407053568 256
3407054080 256
3407056896 256
3407057664 256
3407058176 256
3407059968 256
3407065088 256
3407065600 512
3407073280 256
3407078400 1024
3407079680 256
3407081984 256
3407083520 512
3407085312 256
3407089920 256
3407095808 512
3407096832 256
3407097856 256
3407101184 256
3407102208 256
3407107072 512
3407108352 256
3407112704 512
3407115008 256
3407115520 256
3407115776 512
3407116800 256
3407117824 512
3407120128 256
3407120384 2048
3407123968 256
3407144448 256
3407144960 256
3407145984 256
3407151104 512
3407151616 256
3407153152 256
3407153664 256
3407155712 256
3407159552 256
3407159808 256
3407161600 256
3407162368 256
3407168512 256
3407172096 256
3407175680 1024
3407182848 256
3407185920 512
3407188224 256
3407203840 256
3407222784 256
3407223808 512
3407224576 256
3407234048 256
3407236096 256
3407238144 256
3407238912 256
3407240192 1024
3407241984 256
3407243776 256
3407247872 512
3407250176 256
3407258368 256
3407259136 256
3407260160 256
3407261696 2048
3407266304 256
3407278592 512
3407279360 256
3407279616 256
3407281152 512
3407282176 256
3407294208 256
3407297792 256
3407298048 512
3407300864 256
3407303936 256
3407305728 1024
3407307264 256
3407309568 256
3407310848 256
3407315456 256
3407318016 512
3407326208 256
3407328768 256
3407329792 512
3407331328 256
3407332608 256
3407332864 256
3407334400 1024
3407339520 256
3407340032 512
3407340544 1024
3407345920 256
3407346432 256
3407351040 256
3407352320 256
3407354624 256
3407358720 256
3407362048 256
3407362560 256
3407364864 256
3407366656 256
3407367936 256
3407368192 512
3407369216 512
3407369728 256
3407370752 256
3407376128 256
3407376384 256
3407377408 256
3407378944 512
3407384832 256
3407386624 512
3407387904 256
3407388928 256
3407390464 256
3407395328 512
3407398656 256
3407399424 256
3407401984 512
3407403264 256
3407403776 256
3407410176 256
3407418112 256
3407418368 512
3407425024 256
3407425536 2048
3407429632 512
3407436544 256
3407438592 256
3407438848 256
3407440384 256
3407446784 256
3407447808 256
3407448576 256
3407450880 256
3407452416 256
3407452672 512
3407455232 256
3407455744 256
3407457792 512
3407459328 256
3407459840 256
3407462144 256
3407464192 256
3407464448 256
3407464960 512
3407466496 4096
3407471872 256
3407473408 256
3407473664 256
3407475200 256
3407481856 256
3407487488 256
3407491328 256
3407491584 256
3407492864 256
3407493120 512
3407494144 256
3407495424 256
3407496192 256
3407498240 256
3407499264 256
3407500288 256
3407503616 256
3407504896 512
3407508224 256
3407508480 256
3407511808 256
3407515392 256
3407515648 256
3407516672 512
3407518208 256
3407519232 512
3407520000 256
3407522304 256
3407523072 256
3407523840 256
3407526144 256
3407530496 512
3407532544 256
3407533568 256
3407535616 256
3407536128 256
3407537152 256
3407538176 256
3407544320 256
3407546880 256
3407548160 256
3407548416 256
3407549440 256
3407549952 512
3407554560 256
3407555840 256
3407557888 256
3407560960 256
3407561216 256
3407565056 256
3407566848 256
3407570432 256
3407572224 256
3407574272 256
3407575296 256
3407575552 512
3407576320 256
3407595520 256
3407596032 256
3407603968 256
3407606016 256
3407608320 256
3407612416 256
3407612928 256
3407618304 256
3407618560 512
3407620864 256
3407621120 256
3407623680 256
3407624192 256
3407628544 256
3407628800 256
3407629312 256
3407631872 256
3407632384 256
3407638528 256
3407643392 256
3407644672 256
3407645696 256
3407646976 256
3407652096 256
3407653120 256
3407653376 256
3407655424 512
3407657216 256
3407657728 256
3407660032 256
3407667712 512
3407671040 256
3407675904 256
3407677440 512
3407678720 256
3407678976 256
3407682560 256
3407687168 256
3407689984 256
3407691008 256
3407691520 256
3407693056 256
3407694080 256
3407696128 256
3407698432 256
3407699712 256
3407700992 256
3407701760 256
3407704064 256
3407706112 1024
3407721984 512
3407723264 256
3407723776 256
3407724032 256
3407727872 256
3407729152 256
3407730944 256
3407733504 256
3407734528 256
3407735040 256
3407735296 256
3407738880 256
3407740416 512
3407745024 512
3407747328 256
3407748352 256
3407757824 256
3407761664 256
3407763200 256
3407769344 256
3407771904 256
3407772416 256
3407779840 256
3407780864 256
3407782400 256
3407785216 256
3407785728 256
3407788800 256
3407790592 256
3407796480 256
3407797248 256
3407797760 256
3407800320 512
3407801088 256
3407802368 512
3407803904 256
3407804928 512
3407817984 256
3407818240 256
3407819008 256
3407819520 256
3407820288 512
3407824128 256
3407824896 256
3407826944 256
3407828224 256
3407831296 256
3407833344 256
3407833600 256
3407834112 512
3407838208 256
3407847936 256
3407851008 256
3407851776 256
3407852800 256
3407854336 256
3407854848 256
3407858688 256
3407862784 256
3407863296 512
3407864064 256
3407865088 256
3407869952 512
3407871232 256
3407877120 256
3407884288 512
3407886336 256
3407887360 256
3407887872 256
3407889408 512
3407891456 256
3407892736 256
3407893504 512
3407896320 256
3407898112 256
3407898880 256
3407905280 256
3407906048 256
3407907840 256
3407910912 256
3407919616 512
3407921152 256
3407922176 256
3407923968 256
3407924224 512
3407926272 256
3407938560 256
3407939328 256
3407940608 512
3407942912 256
3407944192 256
3407945728 256
3407953664 256
3407953920 256
3407954688 256
3407954944 256
3407956224 256
3407957760 256
3407963136 256
3407968768 256
3407970560 256
3407971072 256
3407974656 256
3407977472 256
3407977984 512
3407982080 256
3407984896 256
3407988736 256
3407989248 512
3407989760 256
3407990272 512
3407992320 512
3407994880 512
3407995392 256
3407997184 256
3407999744 256
3408001536 256
3408004096 256
3408008448 256
3408009984 256
3408013056 256
3408015360 512
3408016896 256
3408017408 512
3408020224 256
3408020736 256
3408022528 256
3408026624 256
3408030208 256
3408032000 256
3408040704 256
3408041472 256
3408041984 512
3408044288 256
3408044544 256
3408050944 256
3408052224 2048
3408055296 1024
3408062464 256
3408064512 256
3408065024 256
3408065792 256
3408067328 256
3409379840 512
3409380352 256
3409381888 256
3409382656 256
3409384960 256
3409387008 256
3409403136 256
3409405184 256
3409407232 256
3409407488 256
3409409024 512
3409409792 256
3409412096 512
3409416704 512
3409428480 256
3409429504 256
3409435136 512
3409435904 256
3409436672 256
3409445120 256
3409445888 256
3409447936 256
3409451008 256
3409454592 256
3409455104 256
3409456640 256
3409457664 512
3409458176 1024
3409462272 512
3409465856 512
3409466368 512
3409469184 256
3409473024 256
3409475840 256
3409486080 256
3409488128 256
3409488896 512
3409489664 256
3409491712 256
3409492224 256
3409492736 256
3409494016 256
3409495552 256
3409496320 256
3409498112 512
3409498624 256
3409499648 256
3409500160 256
3409502976 256
3409503232 256
3409504256 256
3409506304 256
3409509376 256
3409509888 256
3409511680 256
3409511936 256
3409513472 512
3409517568 256
3409520384 256
3409522176 256
3409525248 256
3409526016 256
3409527296 256
3409528064 256
3409528320 512
3409529088 256
3409533440 256
3409536256 256
3409538304 256
3409541888 256
3409550592 256
3409561600 256
3409562112 256
3409563136 256
3409567232 256
3409567744 4096
3409573376 512
3409574144 256
3409575168 256
3409575424 512
3409838592 256
3409871616 256
3409873664 256
3409879296 256
3409888512 256
3409896448 1024
3409897984 256
3409901056 256
3410096128 1024
3410796544 1024
3410798592 1024
3410808832 2048
3410810880 1024
3410867200 1024
3410898944 4096
3410926592 1024
3410952192 4096
3411018752 512
3411025920 4096
3411032320 256
3411050752 256
3411051520 1024
3411053056 512
3411053568 1024
3411054592 4096
3411083264 2048
3411087360 4096
3411145728 1024
3411148800 512
3411152896 2048
3411177472 4096
3411206144 4096
3411214336 1024
3411217408 1024
3411228672 2048
3411271680 4096
3411410944 16384
3411427328 8192
3411474944 256
3411475968 512
3411550208 8192
3411591168 8192
3411607552 1024
3411642368 1024
3411644416 256
3411673088 1024
3411675136 2048
3411705856 16384
3411722240 8192
3411738880 256
3411746816 8192
3411763456 256
3411763712 512
3411764224 1024
3411765248 256
3411765760 512
3411766272 1024
3411769344 2048
3411804160 1024
3411805696 256
3411845120 8192
3411869696 65536
3411935232 8192
3412000768 2048
3412025344 8192
3412033536 16384
3412051968 2048
3412054016 1024
3412058112 8192
3412264960 2048
3412267008 4096
3412283392 4096
3412336640 4096
3412340992 256
3412341248 512
3412341760 1024
3412343296 256
3412343808 256
3412344576 256
3412348928 4096
3412353024 8192
3412377600 4096
3412598784 4096
3412680704 8192
3412688896 8192
3412787200 32768
3413024768 8192
3413037056 4096
3413043200 512
3413043712 256
3413266432 4096
3413308416 1024
3413557248 8192
3413569792 256
3413571584 1024
3413579776 512
3413581824 256
3413582336 512
3413594112 1024
3413595392 256
3413602560 256
3413602816 512
3413603328 1024
3413604352 2048
3413606400 32768
3413850624 256
3414171648 8192
3414188032 8192
3414196224 256
3414220800 2048
3414302720 4096
3414433792 8192
3414619904 256
3414646784 8192
3414663168 4096
3415084032 512
3415137024 256
3415138304 8192
3415277568 8192
3415474176 16384
3415490560 4096
3415494656 1024
3415496192 512
3415563264 1024
3415752704 8192
3415769088 8192
3415801856 1024
3416047616 16384
3416133632 2048
3416287232 2048
3416293632 256
3416309760 8192
3416326144 1024
3416372224 256
3416372992 256
3416375296 8192
3416694784 8192
3416726528 1024
3416784896 8192
3416930816 512
3416981504 1024
3417034752 256
3417038848 4096
3417179136 256
3417179648 256
3417202688 4096
3417276416 8192
3417292800 16384
3417309184 16384
3417325568 8192
3417352192 2048
3417853952 4096
3418071040 8192
3418161152 512
3418162688 512
3418189824 1024
3418210304 8192
3418222592 1024
3418251264 4096
3418290432 256
3418292224 512
3418292736 256
3418293504 256
3418294016 256
3418308608 16384
3418326272 256
3418329088 4096
3418357760 8192
3418480640 8192
3418519552 2048
3418570752 8192
3418583040 2048
3418587136 32768
3418619904 4096
3418627072 1024
3418993920 256
3418994176 256
3419073536 1024
3419226112 8192
3419357184 16384
3419373568 32768
3419406336 4096
3419410432 1024
3419414528 8192
3419529216 8192
3419668480 4096
3419688960 4096
3420038144 1024
3420389376 4096
3420393472 256
3420395008 256
3426197504 256
3427426304 256
3430068224 512
3470470144 512
3470471680 512
3470472192 512
3478721536 256
3523346432 512
3523346944 256
3523347968 512
3523348480 2048
3523352576 2048
3523543040 8192
3523557376 256
3523558400 256
3523575808 8192
3523688448 2048
3524001792 131072
3524149248 8192
3524161536 4096
3524165632 32768
3524198400 32768
3524231168 16384
3524296704 2048
3524298752 1024
3524303872 1024
3524304896 8192
3524591616 65536
3524657152 65536
3524730880 8192
3524853760 65536
3524919296 131072
3525050368 262144
3525312512 1048576
3526557696 65536
3526623232 131072
3526934528 8192
3527933952 262144
3528196096 131072
3528327168 65536
3528409088 16384
3528450048 8192
3528589312 131072
3528949760 16384
3535388672 16384
3535822848 8192
3544186880 524288
3545235456 1048576
3546284032 262144
3546546176 32768
3546578944 8192
3546587136 4096
3546593280 2048
3546595328 16384
3546611712 65536
3546677248 131072
3548905472 524288
3549429760 524288
3549954048 131072
3550085120 8192
3550093312 4096
3550097408 2048
3550101504 16384
3550117888 32768
3550150656 16384
3550167808 256
3550168064 256
3550169088 2048
3550171136 4096
3550175232 8192
3550183424 32768
3550216192 16384
3550232576 8192
3550240768 2048
3550242816 1024
3550243840 512
3550244864 4096
3550248960 32768
3550281728 65536
3550347264 131072
3550478336 524288
3560964096 32768
3565256704 32768
3657433088 1048576
3658481664 524288
3659005952 262144
3659268096 131072
3659399168 8192
3659415552 16384
3659431936 32768
3659464704 65536
3661103104 524288
3661627392 2097152
3663724544 131072
3663855616 16384
3663880192 8192
3663888384 8192
3663904768 16384
3663921152 65536
3664009728 512
3664010244 4
3664010252 4
3664010256 16
3664010272 32
3664010304 64
3664010368 128
3664010496 256
3664010752 256
3664011264 8192
3664019456 32768
3664248832 262144
3664510976 131072
3669606400 8192
3669619968 256
3669620224 512
3670016000 1048576
3673161728 262144
3673423872 131072
3673554944 32768
3673587968 256
3673588480 256
3673588736 512
3673589248 256
3673590528 256
3673591808 4096
3673595904 8192
3673604096 16384
3673620480 16384
3673645056 8192
3673653248 32768
3673751552 65536
3678928896 65536
3679584256 65536
3679682560 32768
3680125952 1024
3680126976 2048
3682598912 2097152
3688366080 524288
3688890368 524288
3689414656 131072
3689545728 2048
3689553920 8192
3689562112 16384
3689578496 32768
3689611264 65536
3689676800 262144
3690070016 131072
3690201088 262144
3697655808 16384
3698327552 262144
3700981760 32768
3701080064 32768
3701112832 2048
3701114880 1024
3701115904 256
3701116416 512
3701116928 2048
3701118976 256
3701119488 512
3701120000 1024
3701121024 8192
3701129216 16384
3701145600 2048
3701147904 256
3701148160 512
3701148672 1024
3701149696 2048
3701151744 1024
3701152768 512
3701153536 256
3701153792 8192
3701161984 16384
3701178368 32768
3701403648 1024
3701473280 2097152
3703570432 1048576
3706126336 16384
3706159104 32768
3706208256 16384
3706322944 65536
3706847232 256
3706848768 512
3706849280 2048
3706851328 4096
3706855424 8192
3706863616 16384
3706880000 32768
3706912768 32768
3706945536 16384
3706964992 256
3706967552 256
3706968320 256
3706968576 256
3706973696 256
3707209728 2048
3707240448 262144
3707502592 65536
3707764736 524288
3708289024 262144
3708551168 32768
3708583936 16384
3708616704 65536
3708682240 131072
3715760128 131072
3716186112 32768
3716218880 65536
3716284416 131072
3716538368 8192
3716677632 131072
3719036928 262144
3719299072 8192
3719307264 4096
3719311360 2048
3719313408 256
3719313920 512
3719314432 1024
3719315456 16384
3719331840 32768
3719364608 65536
3719430144 131072
3719561216 262144
3720347648 262144
3720609792 131072
3720740864 65536
3720806400 32768
3720839168 16384
3720855552 4096
3720863744 8192
3720871936 524288
3721396224 1048576
3722444800 1048576
3725590528 1048576
3726639104 2097152
3728736256 2097152
3732733952 65536
3732832256 8192
3732840448 2048
3732842496 1024
3732843520 512
3732845056 512
3732845568 1024
3732846592 2048
3732848640 2048
3732852224 512
3732852736 1024
3732853760 512
3732854784 2048
3732856832 4096
3732860928 256
3732861440 512
3732861952 1024
3732862976 2048
3732930560 1048576
3735027712 262144
3735552000 524288
3736076288 1048576
3737124864 2097152
3740270592 524288
3740794880 131072
3741319168 1048576
3742629888 131072
3743135744 1024
3743272960 1024
3743284224 1024
3745513472 2097152
3747610624 1048576
3748659200 262144
3748921344 131072
3749183488 524288
3749707776 131072
3750756352 1048576
3751804928 262144
3752198144 131072
3753902080 131072
3754295296 131072
3754491904 65536
3754557440 32768
3754590208 16384
3754606592 8192
3754614784 4096
3754618880 2048
3754620928 1024
3754621952 512
3754622976 65536
3754950656 524288
3755737088 131072
3755978752 4096
3755982848 4096
3757047808 524288
3757572096 262144
3757867008 8192
3757883392 16384
3757965312 32768
3757998080 16384
3758014464 4096
3758018560 2048
3758020608 1024
3758021632 512
3758022144 256
3758022656 4096
3758026752 2048
3758028800 512
3758029568 256
3758029824 1024
3758030848 32768
3758091264 1024
3758095360 512
